% bip unweighte20d
% 160 136 205
1 201
1 202
2 201
2 202
2 203
3 201
4 201
4 203
5 204
6 205
7 201
8 201
8 203
9 204
10 205
10 201
11 204
12 204
13 201
14 203
15 203
16 204
17 201
18 204
19 204
20 204
21 201
22 204
23 204
24 201
25 201
26 201
27 205
27 201
28 201
29 204
30 201
31 201
31 202
31 203
32 205
33 204
34 201
35 201
36 202
37 202
38 204
38 205
39 203
40 202
41 201
41 203
42 204
43 202
44 204
45 205
45 201
46 201
47 204
48 205
49 204
50 202
51 204
52 204
53 201
54 204
55 201
55 203
56 203
57 204
58 202
59 201
60 203
61 204
62 201
63 204
64 201
65 201
66 204
67 204
68 204
69 204
70 201
71 201
72 204
73 201
74 202
75 204
76 201
77 203
78 204
79 204
80 201
81 204
82 201
83 204
84 201
84 203
85 204
86 201
87 204
88 204
89 202
89 203
90 204
91 201
92 201
93 201
94 201
95 204
96 201
97 204
98 202
99 203
100 204
101 203
102 201
103 201
104 204
105 202
105 203
106 204
106 201
106 202
107 201
108 204
109 201
110 201
111 204
112 205
113 204
114 201
115 201
116 201
117 201
118 203
119 201
120 201
121 204
122 201
123 205
124 202
125 204
125 201
126 204
126 201
126 202
126 203
127 204
128 204
129 204
129 205
130 203
131 201
132 204
133 204
134 202
135 201
136 201
136 203
