% bip unweighted
% 1476 829 551
1001 1
1001 2
1001 3
1001 4
1002 5
1002 6
1002 7
1002 8
1002 9
1002 10
1002 11
1002 12
1002 13
1002 14
1002 15
1002 16
1002 17
1002 18
1002 19
1002 20
1002 21
1002 22
1002 23
1002 24
1002 25
1002 26
1003 27
1004 24
1005 19
1006 28
1007 29
1008 30
1009 31
10010 32
10010 33
10010 34
10010 35
10010 36
10010 37
10010 38
10010 39
10011 31
10012 40
10012 41
10012 42
10013 42
10014 42
10015 43
10016 44
10017 45
10017 46
10017 47
10017 48
10017 49
10018 50
10019 51
10020 51
10021 52
10021 53
10022 54
10023 55
10024 56
10025 56
10026 57
10027 58
10028 59
10029 60
10030 61
10031 62
10032 63
10033 8
10033 10
10034 64
10035 63
10036 65
10037 66
10037 67
10037 65
10037 68
10037 69
10037 70
10037 71
10037 72
10038 73
10039 22
10040 74
10040 75
10041 76
10041 75
10042 30
10043 77
10044 78
10045 79
10045 80
10046 81
10046 82
10047 83
10048 84
10048 24
10049 85
10050 86
10051 87
10051 88
10051 89
10051 90
10051 91
10051 92
10052 93
10053 94
10054 95
10054 96
10054 97
10054 94
10055 79
10056 98
10056 99
10056 100
10056 101
10056 102
10056 103
10056 34
10056 104
10056 105
10056 106
10056 107
10056 108
10056 109
10056 110
10057 50
10057 104
10057 108
10058 50
10058 108
10059 110
10060 111
10061 112
10062 113
10062 114
10062 115
10062 116
10062 117
10062 64
10063 118
10064 119
10065 120
10066 36
10067 12
10067 15
10067 16
10067 20
10068 121
10069 35
10070 35
10071 73
10072 122
10073 28
10073 43
10074 123
10074 122
10074 124
10074 125
10074 90
10074 91
10074 110
10075 126
10076 95
10077 98
10077 127
10078 128
10078 129
10079 130
10079 131
10079 132
10079 133
10079 134
10079 135
10080 78
10081 39
10082 136
10082 39
10082 57
10083 137
10084 138
10085 139
10086 140
10087 141
10087 142
10087 143
10087 144
10088 126
10088 145
10088 146
10088 147
10088 148
10088 149
10088 75
10088 72
10089 150
10089 146
10089 148
10090 20
10091 46
10092 151
10093 3
10094 152
10095 95
10096 92
10097 28
10097 43
10098 153
10099 154
100100 155
100101 155
100101 70
100102 156
100103 157
100104 158
100104 159
100105 160
100106 161
100106 58
100106 157
100107 162
100108 163
100108 164
100108 165
100108 166
100108 167
100108 168
100109 165
100110 169
100111 169
100112 170
100112 171
100112 90
100112 172
100113 80
100114 28
100114 95
100115 173
100115 174
100115 175
100115 176
100115 177
100115 178
100115 179
100115 180
100115 181
100116 88
100117 182
100117 183
100118 184
100119 184
100119 185
100120 186
100121 65
100122 187
100123 188
100124 189
100125 190
100126 191
100127 192
100128 193
100128 194
100128 195
100128 196
100128 110
100128 197
100129 193
100129 198
100129 199
100129 200
100129 186
100130 36
100131 201
100131 189
100131 202
100131 203
100132 182
100133 204
100134 204
100135 205
100136 206
100137 207
100138 208
100139 38
100140 158
100141 209
100142 210
100143 130
100144 211
100145 62
100145 152
100146 212
100146 213
100146 214
100146 62
100146 152
100146 215
100146 216
100146 217
100147 218
100148 219
100149 153
100150 187
100151 172
100152 220
100152 189
100152 139
100153 221
100154 39
100155 222
100155 223
100155 224
100155 199
100155 200
100156 56
100157 152
100158 225
100159 101
100159 207
100159 226
100159 227
100159 228
100159 229
100159 230
100160 207
100161 147
100162 231
100162 39
100163 86
100164 232
100165 111
100166 116
100167 233
100167 39
100168 234
100169 235
100170 161
100171 102
100171 236
100172 237
100173 238
100174 222
100174 223
100174 239
100174 240
100175 228
100176 151
100177 56
100178 43
100179 241
100180 165
100181 242
100182 215
100183 243
100184 232
100184 72
100185 43
100186 22
100187 216
100188 244
100189 245
100190 246
100190 247
100190 126
100190 248
100190 249
100190 250
100191 57
100192 251
100193 252
100194 253
100195 60
100196 60
100197 254
100198 212
100199 255
100199 256
100200 72
100201 257
100202 245
100202 218
100202 140
100203 258
100204 259
100205 98
100206 225
100207 260
100208 155
100209 261
100210 225
100211 14
100212 238
100213 262
100214 263
100214 27
100214 264
100214 265
100214 266
100214 238
100214 267
100215 268
100216 264
100216 268
100216 267
100217 269
100218 270
100219 153
100219 270
100219 271
100220 119
100220 272
100220 273
100220 274
100220 275
100220 276
100220 277
100220 278
100220 279
100220 280
100220 281
100220 282
100220 283
100220 284
100220 285
100220 286
100220 287
100221 288
100221 81
100221 289
100221 290
100222 291
100223 6
100224 39
100225 32
100225 292
100225 39
100226 293
100227 294
100228 295
100229 296
100230 225
100231 297
100232 297
100233 116
100234 97
100235 97
100236 298
100237 299
100238 300
100239 78
100240 301
100241 302
100242 303
100242 138
100242 304
100242 305
100242 284
100243 173
100243 306
100244 155
100244 75
100245 307
100245 308
100245 309
100246 112
100247 310
100247 232
100248 311
100249 204
100249 312
100250 43
100251 298
100252 225
100253 313
100253 314
100254 271
100255 138
100256 161
100257 315
100258 316
100259 317
100260 152
100261 318
100262 114
100263 319
100264 263
100264 282
100265 320
100266 321
100267 322
100267 323
100268 324
100269 146
100269 240
100270 206
100271 325
100272 47
100273 326
100274 46
100275 111
100276 225
100277 327
100277 296
100277 328
100277 329
100277 330
100277 331
100277 47
100278 95
100279 166
100280 332
100281 63
100282 33
100283 333
100283 251
100284 101
100284 229
100285 36
100286 24
100287 24
100288 334
100289 36
100290 225
100291 335
100291 334
100291 336
100291 337
100291 77
100291 46
100291 338
100292 339
100293 340
100294 248
100294 257
100295 175
100296 341
100297 341
100297 107
100298 341
100299 30
100299 77
100300 26
100301 255
100302 50
100303 104
100303 107
100303 108
100304 78
100304 314
100304 342
100304 23
100305 313
100305 14
100306 43
100307 181
100308 343
100309 17
100310 344
100311 161
100312 345
100313 169
100313 346
100314 343
100315 347
100315 348
100316 71
100317 217
100318 293
100319 82
100320 11
100321 301
100322 332
100323 349
100324 300
100325 350
100326 67
100326 65
100327 269
100328 69
100329 248
100330 136
100331 258
100331 39
100332 39
100333 351
100333 352
100333 117
100333 353
100334 241
100334 322
100335 40
100335 151
100336 40
100336 354
100336 322
100336 355
100336 356
100336 357
100336 46
100336 358
100336 4
100337 67
100338 14
100338 25
100339 161
100340 161
100341 359
100342 360
100343 300
100343 111
100343 361
100343 39
100344 362
100344 363
100344 315
100344 364
100344 365
100345 366
100345 367
100345 340
100345 368
100346 95
100347 52
100348 68
100349 290
100350 369
100351 370
100351 129
100351 321
100351 371
100352 372
100352 302
100352 373
100353 374
100354 375
100354 376
100355 162
100356 79
100356 187
100356 377
100356 14
100356 80
100356 23
100356 378
100356 379
100356 162
100356 380
100356 206
100357 266
100357 381
100358 217
100359 279
100360 24
100361 14
100361 19
100362 220
100362 115
100362 319
100363 61
100363 382
100363 109
100364 152
100365 43
100365 383
100366 36
100367 251
100368 87
100369 211
100370 384
100370 211
100370 385
100371 386
100371 387
100372 301
100373 388
100374 33
100375 282
100376 60
100377 88
100378 263
100379 389
100380 390
100381 391
100381 86
100381 158
100381 392
100381 393
100381 394
100382 391
100383 392
100384 83
100384 154
100384 343
100384 269
100384 262
100384 353
100385 372
100386 161
100387 236
100388 395
100389 181
100390 396
100391 206
100392 277
100392 397
100392 398
100393 397
100394 399
100395 400
100396 401
100396 93
100396 402
100396 188
100396 110
100397 153
100397 403
100397 188
100397 332
100398 138
100398 304
100399 232
100400 46
100400 404
100401 24
100402 405
100403 406
100404 407
100404 408
100404 189
100404 55
100404 169
100404 51
100404 409
100404 73
100404 405
100404 406
100405 410
100405 55
100405 169
100405 411
100406 318
100406 189
100406 120
100407 51
100408 153
100409 95
100410 412
100410 369
100410 274
100410 413
100411 414
100411 415
100411 416
100412 104
100412 106
100413 95
100413 218
100413 417
100413 418
100413 383
100413 419
100414 420
100414 388
100414 339
100414 421
100414 349
100414 320
100414 422
100415 407
100415 408
100416 290
100417 61
100418 79
100418 187
100419 44
100420 423
100420 424
100421 425
100422 425
100423 425
100424 81
100424 47
100425 43
100425 95
100425 426
100425 427
100425 428
100425 429
100425 218
100425 59
100425 430
100425 417
100425 96
100425 235
100425 431
100425 110
100425 419
100425 432
100425 317
100425 94
100426 398
100427 294
100428 433
100429 434
100430 435
100431 257
100432 33
100433 80
100434 436
100435 437
100435 39
100436 161
100437 405
100437 406
100438 87
100439 263
100439 14
100439 432
100440 181
100441 433
100441 185
100442 438
100443 225
100444 78
100445 78
100446 78
100447 94
100448 241
100449 95
100449 21
100450 439
100451 114
100452 440
100452 117
100452 441
100453 442
100454 442
100454 390
100455 442
100456 67
100457 181
100458 443
100459 77
100460 413
100461 388
100462 62
100463 62
100464 62
100465 251
100466 54
100466 309
100466 242
100467 29
100468 112
100469 262
100470 249
100470 44
100471 22
100472 189
100472 444
100472 445
100473 153
100474 446
100474 447
100474 389
100474 448
100474 449
100474 450
100474 219
100474 451
100474 117
100475 14
100476 410
100476 405
100477 153
100478 243
100479 161
100480 30
100481 388
100481 262
100482 435
100483 339
100484 153
100485 452
100486 29
100487 153
100488 447
100489 190
100490 453
100490 432
100491 451
100492 451
100493 50
100494 212
100495 13
100496 112
100497 454
100497 455
100497 28
100497 456
100497 43
100497 95
100497 383
100497 210
100497 287
100498 14
100499 19
100500 457
100501 458
100502 459
100502 460
100502 461
100502 458
100502 457
100503 344
100504 115
100505 116
100506 86
100507 356
100508 382
100509 361
100510 445
100511 90
100511 172
100512 462
100512 463
100512 221
100513 464
100513 465
100514 384
100514 466
100514 467
100514 468
100514 469
100514 45
100514 46
100514 48
100514 49
100514 470
100514 320
100515 471
100515 472
100515 125
100515 299
100516 435
100517 97
100518 371
100519 361
100520 36
100521 473
100522 155
100523 72
100524 295
100524 469
100525 61
100526 206
100527 61
100528 26
100529 370
100530 442
100531 474
100531 194
100531 195
100531 401
100531 475
100531 402
100531 196
100531 110
100531 197
100531 476
100532 477
100532 478
100533 198
100533 461
100533 196
100533 479
100533 360
100533 110
100534 480
100535 481
100536 204
100536 482
100536 53
100536 208
100536 47
100537 214
100538 297
100539 80
100540 483
100541 214
100542 78
100543 484
100543 284
100543 485
100544 36
100545 36
100546 212
100547 296
100548 486
100549 487
100549 31
100549 52
100549 486
100549 121
100549 436
100549 60
100550 91
100551 452
100552 245
100553 219
100554 202
100555 393
100556 42
100557 29
100558 370
100559 290
100560 318
100561 488
100561 489
100562 153
100563 14
100563 480
100564 480
100565 272
100566 43
100567 490
100567 82
100567 395
100568 35
100568 37
100569 50
100570 41
100571 67
100572 460
100572 461
100572 479
100572 491
100572 492
100572 360
100572 110
100573 441
100574 459
100575 438
100576 206
100577 191
100577 259
100577 443
100577 467
100577 438
100578 23
100579 242
100580 60
100581 493
100582 35
100583 494
100584 425
100584 119
100584 374
100585 246
100586 379
100587 26
100588 227
100589 187
100590 187
100591 176
100592 495
100592 252
100592 253
100592 496
100592 497
100592 351
100592 352
100592 498
100592 353
100593 166
100594 344
100595 28
100596 499
100597 238
100598 216
100599 435
100600 500
100600 307
100600 244
100600 501
100601 438
100602 173
100603 19
100604 114
100605 437
100606 43
100607 56
100608 13
100609 122
100610 189
100611 296
100612 293
100613 59
100613 480
100613 419
100614 97
100615 294
100616 152
100617 290
100618 262
100619 257
100620 19
100621 136
100622 502
100623 290
100624 503
100625 138
100626 236
100627 504
100628 379
100629 206
100630 187
100631 87
100632 82
100633 174
100633 177
100634 177
100634 291
100635 505
100636 124
100636 63
100636 506
100637 95
100637 303
100638 57
100639 87
100640 245
100641 107
100642 507
100642 508
100642 505
100642 434
100642 344
100643 413
100644 83
100645 394
100646 413
100647 28
100648 29
100649 502
100649 94
100650 308
100651 87
100652 292
100652 174
100653 271
100654 332
100655 413
100656 453
100657 79
100658 234
100659 293
100659 442
100659 234
100659 141
100659 142
100659 143
100659 81
100659 144
100659 509
100660 6
100661 14
100662 510
100662 112
100663 511
100663 400
100663 512
100664 513
100664 358
100665 14
100666 480
100666 280
100667 487
100668 187
100669 187
100670 236
100671 346
100672 161
100673 161
100674 289
100675 85
100676 316
100676 396
100677 78
100678 262
100679 100
100680 514
100680 515
100680 156
100680 254
100681 316
100681 514
100681 515
100681 297
100681 309
100682 316
100683 70
100684 97
100685 516
100686 274
100686 413
100686 516
100687 442
100688 442
100689 44
100690 517
100690 23
100690 348
100690 518
100690 183
100690 519
100690 160
100691 375
100692 495
100692 520
100693 99
100694 2
100695 95
100695 521
100695 417
100695 260
100695 376
100695 418
100695 140
100695 522
100695 110
100695 523
100695 424
100696 362
100696 524
100696 481
100696 525
100696 508
100696 364
100696 365
100696 526
100696 527
100697 52
100698 153
100699 153
100700 233
100701 97
100702 528
100702 481
100703 365
100704 405
100705 529
100706 530
100707 192
100708 530
100709 168
100710 11
100711 60
100712 390
100713 126
100714 41
100715 531
100715 59
100715 417
100715 532
100715 490
100715 85
100715 140
100715 118
100715 533
100715 110
100715 419
100715 432
100716 5
100717 320
100718 494
100719 310
100719 435
100719 112
100720 435
100721 310
100722 169
100723 530
100723 534
100723 278
100724 444
100725 287
100726 153
100727 380
100728 321
100729 119
100729 263
100729 137
100729 277
100729 535
100729 167
100729 432
100729 261
100730 257
100731 379
100731 380
100732 378
100733 315
100734 221
100735 300
100736 29
100736 243
100736 151
100736 294
100736 356
100736 399
100737 301
100738 203
100739 333
100739 416
100740 311
100740 251
100740 416
100741 97
100742 290
100743 110
100744 515
100744 309
100745 514
100746 156
100746 254
100746 309
100747 40
100748 153
100749 227
100750 324
100751 271
100752 484
100753 114
100754 313
100755 370
100756 1
100757 332
100758 536
100758 537
100759 155
100760 63
100761 86
100762 315
100763 77
100763 538
100763 56
100763 345
100764 517
100764 503
100764 396
100765 468
100766 349
100767 130
100767 131
100767 494
100767 132
100767 134
100767 135
100768 19
100769 385
100770 87
100771 342
100772 82
100773 11
100774 460
100774 110
100775 539
100775 110
100776 58
100776 110
100777 110
100778 540
100778 110
100779 52
100779 439
100780 262
100781 24
100782 14
100783 487
100783 31
100784 398
100785 53
100786 157
100787 104
100788 259
100788 173
100788 467
100788 541
100788 452
100789 541
100790 248
100791 248
100792 199
100793 378
100793 379
100794 378
100795 43
100796 50
100797 536
100797 368
100797 537
100797 387
100797 68
100797 71
100797 72
100798 189
100799 542
100800 509
100801 535
100802 114
100803 28
100804 217
100805 515
100806 22
100807 116
100808 204
100809 347
100809 326
100809 160
100810 326
100811 235
100811 266
100811 543
100811 110
100811 544
100812 334
100812 112
100812 46
100812 545
100813 373
100814 166
100815 511
100815 513
100815 529
100815 546
100815 308
100815 489
100815 473
100815 525
100815 400
100815 133
100815 359
100815 185
100815 47
100815 547
100815 548
100815 352
100815 549
100815 499
100815 550
100815 551
100815 404
100815 512
100815 160
100815 415
100815 256
100816 153
100817 251
100818 474
100818 493
100818 190
100819 501
100820 19
100821 324
100821 519
100822 112
100823 227
100824 171
100825 399
100826 300
100827 265
100828 298
100829 271