% bip posweighted
1031	18	1
10221	28	0.018
10185	12	0
1038	87	0.031
10215	15	0.61
10186	518	0.002
10180	499	0.001
1047	21	0.98
1090	222	0
1080	31	0.001
1039	116	0
10124	356	0.69
1055	149	0.09
1079	186	0.001
10243	482	0.004
1059	18	0.49
1068	18	0.001
1075	178	0.035
1079	188	0
1038	90	0.014
10198	40	0.11
10234	5	0.7
10185	40	0.066
10136	361	0.003
1030	69	0.002
1057	21	0.95
10224	560	0.009
10146	397	0.003
10106	272	0.001
1043	18	0.98
10154	81	0
10158	437	0.01
10132	36	0.63
10136	371	0.63
10247	34	0.98
10219	547	0.006
10240	76	0.005
1038	95	0.01
1094	18	0.91
10224	558	0.014
10254	18	0.42
10225	566	0.096
10106	275	0
1086	200	0.86
10185	77	0.001
10113	38	0
10125	53	0.38
10243	34	0.003
10186	503	0.014
10119	177	0.005
10178	486	0.03
10106	240	0.023
10104	18	0.2
1048	139	0
1082	33	0.078
10245	53	0.14
1069	62	0.17
10213	16	0.89
10233	512	0.008
10150	8	0
10150	53	0.001
10107	311	0.001
10108	323	0
10119	81	0.66
10233	28	0.001
10186	28	0.008
10178	489	0.014
1038	100	0.005
10165	18	0.95
10147	404	0.028
10112	15	0.2
1011	29	0.033
10171	18	0.5
10252	18	0.09
10106	249	0.006
10158	430	0.032
10106	250	0.005
10108	2	0.002
10219	549	0
10205	15	0.27
10154	415	0.068
10107	298	0.014
10106	261	0.002
10182	18	0.49
10164	15	0.001
10106	257	0.003
10186	528	0
1038	106	0
10154	412	0.13
10119	352	0.007
10233	578	0
10113	12	0
10169	466	0.25
10206	18	0.24
10193	66	0.99
1080	194	0.001
10163	451	0.17
10113	331	0.01
10249	33	0.01
10184	502	0.71
10239	181	0
1010	26	0.001
10180	160	0.96
10164	455	0.13
10239	586	0.029
10178	482	0.6
10164	457	0.016
10148	76	0.094
1090	12	0.99
10151	11	0.079
1087	208	0
10155	422	0.015
10254	612	0.12
104	18	0.07
10188	19	1
10215	103	0.014
10172	18	0.089
10107	300	0.007
1048	129	0.06
10243	602	0
1015	40	0.003
10158	443	0.003
10106	287	0
10106	268	0.001
1096	18	1
1038	93	0.012
10126	15	0.86
10107	292	0.063
1039	108	0.001
1092	18	0.96
1017	18	1
10232	15	0.9
10119	348	0.016
10104	229	0.01
10219	10	0.95
10202	68	0.13
1088	213	0.39
10171	472	0.002
1019	49	0.002
10202	81	0
1037	84	0.001
10171	473	0.002
10241	2	0.029
10112	53	0.11
1062	28	0.002
10145	392	0.88
1073	170	0.6
1026	60	0.15
10178	491	0.011
109	18	0.86
10194	533	0.98
10153	407	0.87
1012	18	0.027
1039	123	0
10143	15	0.85
10137	234	0.042
10178	494	0.003
10225	568	0.05
1048	53	0
10202	361	0.24
10206	21	0.99
10186	516	0.002
10158	18	0.03
1030	71	0
10148	405	0.14
10136	372	0.084
10139	380	0.034
10146	395	0.004
1042	31	0.08
10154	361	0
10225	420	0.001
10139	377	0.077
10193	230	0.008
1069	21	0.96
1090	18	0.51
10186	505	0.013
10113	18	0.34
1075	176	0.33
10201	81	0.02
1084	198	0.09
10123	53	0.36
1070	18	0.35
10106	277	0
10219	185	0.022
10108	319	0.019
1021	53	0.12
10139	386	0.009
1038	97	0.006
10200	18	1
10108	30	0.24
10109	1	0.009
1088	217	0.03
10222	33	0.95
105	18	0.97
10243	593	0
10243	594	0
10131	368	0
103	12	0.019
10108	28	0.002
10186	521	0.001
10193	38	0.009
10107	294	0.021
1087	38	0.008
1025	18	0.92
10202	362	0.027
10120	18	1
10112	176	0.006
10243	110	0
1024	56	0.25
10178	496	0
10216	546	0.68
10229	573	0.95
10186	526	0
1066	164	0.42
10187	18	0.15
1090	77	0.012
1022	55	0.058
10106	243	0.012
1087	77	0.025
10243	16	0.006
10207	544	0.68
10158	431	0.03
1028	66	0.1
10106	232	0.072
1014	34	0.019
10153	21	0.001
10109	18	0.35
1018	15	0.87
10130	366	0.035
1072	169	0.079
108	18	0.95
10134	77	0.035
107	25	0.007
10195	535	0.26
10125	359	0.089
104	15	0.74
1039	120	0
10220	36	0.73
10131	53	0.08
10113	338	0
10217	53	0.64
10119	18	0.19
1026	59	0.17
10187	16	0
10183	44	0.003
10164	460	0.002
1019	51	0
10159	204	0.008
1078	181	0.44
10106	255	0.003
10193	40	0.048
10233	11	0
10241	7	0.023
10108	316	0.046
10185	36	0.002
10233	200	0.001
1048	140	0
10180	405	0.004
10242	110	0
10107	75	0.046
1087	161	0.02
101	3	0.059
10164	459	0.007
1062	18	0.73
10154	22	0.27
10150	33	0.014
10147	18	0.57
10221	324	0.001
1064	163	0
1053	147	0.37
10106	285	0
1055	151	0.015
10207	18	0.1
10153	409	0.098
10202	538	0.094
10182	21	0.87
10158	61	0
10189	530	0.009
10225	18	0.27
10163	453	0
101	9	0
1044	16	0.49
10112	160	0.015
10103	18	0.51
1082	16	0.61
10169	187	0.033
10107	302	0.005
10233	576	0.005
10108	314	0.24
1048	138	0
10158	445	0.001
10133	22	0.05
10185	229	0.9
10151	66	1
1098	22	1
1072	168	0.51
10161	450	0.025
1013	18	0.99
10154	417	0.045
1058	157	0.002
10178	485	0.084
10202	18	0.31
10224	348	0.015
1030	34	0.003
10107	289	0.64
10233	18	0.17
10158	440	0.004
10128	227	0.14
10106	271	0.001
10215	18	0.61
10206	541	0.02
1042	32	0.81
1077	180	0.95
10220	34	0.043
10156	423	0.35
10107	304	0.004
10163	16	0.29
10243	597	0
10145	81	0.014
10242	44	0
10114	18	0.98
1048	136	0.003
10100	16	0.047
10242	591	0
10147	401	0.23
10108	322	0.008
10242	239	0.008
10181	18	0.27
10233	76	0.004
10216	33	0.012
1085	18	0.4
10229	18	0.28
10191	15	1
1048	141	0
10192	16	0.39
1038	102	0.003
1027	62	0.32
10178	492	0.007
1062	12	0.75
10147	403	0.062
1055	16	0.038
106	21	0.43
10221	29	0.08
10176	21	0.032
10206	501	0.07
10186	525	0
10192	390	0.7
10156	18	0.07
1056	18	0.95
10186	507	0.004
10139	16	0.46
10164	461	0.001
101	7	0.007
1034	76	1
10168	18	0.97
1094	223	0.22
1048	133	0.017
1081	196	0.26
10113	333	0.008
1097	86	0.26
1059	38	0.99
10234	53	0.12
10243	18	0.96
10106	253	0.003
10178	33	0.007
1030	22	0.91
10254	371	0.019
10193	229	0.021
10130	36	1
10112	229	0.037
10185	160	0
1016	42	0.002
10106	58	0
1038	15	0.004
10218	361	0.068
1080	191	0.009
10186	509	0.004
10108	318	0.021
1070	12	0.001
101	8	0
10158	433	0.015
10200	537	0.016
10138	288	0.94
10224	556	0.024
1039	34	0.02
1088	216	0.035
10158	181	0.004
10170	1	0.009
10115	69	0.95
1048	70	0.002
10242	589	0.027
10225	564	0.8
10210	18	0.98
10126	18	0.4
1032	18	0.98
10187	153	0.77
10238	18	0.75
10236	579	0.92
1038	88	0.016
10186	136	0
10174	21	0.69
1082	197	0.31
10175	480	0.71
1097	227	0.038
10106	234	0.059
1019	45	0.98
10196	75	0.14
10171	476	0.001
10139	381	0.021
10144	16	0.03
10112	327	1
10148	53	0.03
1039	113	0
10108	7	0.02
10119	353	0.005
10223	53	0.12
1053	16	0.56
107	22	0.67
10253	371	0.15
10228	572	1
10109	15	0.68
109	22	0.018
1079	53	0.008
10106	244	0.012
10189	34	0.89
10193	11	0.19
1029	18	0.81
10230	18	0.88
10162	21	0.78
10220	191	0.12
1055	148	0.096
10242	34	0.003
10119	342	0.17
1066	15	0.073
1087	211	0
10171	468	0.013
1048	18	0
10239	583	0.053
10239	81	0.75
10224	563	0.002
10106	45	0.081
10243	21	0.096
10171	235	0.95
1070	167	0.64
10127	360	0.98
1053	15	0.66
10186	30	0.001
10124	357	0.058
10220	18	0.61
10171	478	0
10123	139	0.48
1074	174	0.71
10219	195	0
1033	75	0.93
10139	379	0.05
1073	172	0.036
1038	18	0.38
10137	374	0.025
10109	317	0.2
1087	206	0.003
10106	238	0.032
1097	199	0.23
1079	10	0.057
105	19	0.99
10124	84	0.01
10242	590	0.001
10121	355	0.74
1015	37	0.95
1080	189	0.03
10154	418	0.034
10153	411	0.049
10201	15	0.34
10245	603	0.016
1086	53	0.09
1063	159	0.98
10107	306	0.003
101	1	0.5
10158	240	0.068
1058	155	0.043
10233	4	0
10106	278	0
10205	18	0.27
10106	288	0
10112	170	0.001
10156	425	0.092
10186	513	0.003
10126	28	0.052
10158	284	0.011
10104	38	0.003
10185	66	0.001
1097	16	0.29
10186	523	0.001
10145	393	0.23
1063	18	0.27
10110	18	0.98
10113	335	0.001
10106	251	0.004
10116	18	0.95
10119	344	0.098
10193	405	0
10108	9	0
10107	308	0.001
10233	15	0.006
1078	182	0.41
10247	605	0.98
10119	236	0
10109	324	0.005
1038	98	0.005
1055	25	0.031
1048	9	0.001
1029	67	0.62
10233	577	0.002
1035	16	0.22
1087	53	0.06
106	16	0.068
10118	8	0.02
1039	121	0
10240	40	0.004
10243	598	0
10199	40	0.005
10163	103	0.41
10158	442	0.0042
10128	18	0.83
1048	143	0
10180	500	0
10159	447	0.043
10225	422	0.002
10220	16	0.21
10106	247	0.01
10178	490	0.012
10115	70	0.005
10104	40	1
10240	53	0.46
10251	15	1
1064	161	0.93
10107	297	0.015
10250	608	0.31
104	14	0.83
1070	15	0.94
1073	15	0.049
10170	7	0.049
10184	234	0.15
10244	21	0.88
1088	219	0.01
10106	283	0
1039	111	0
1027	64	0
1016	29	0.002
10158	436	0.011
10112	44	0.001
1048	131	0.023
1019	18	0.18
10102	21	0.78
10108	6	0.005
10192	532	0.026
10132	369	0.67
10118	18	0.15
10207	234	0.15
10226	571	0.59
10161	18	0.98
1079	174	0.001
10171	239	0.7
1047	18	0.095
10239	581	0.063
10137	376	0.006
10104	230	0.001
10233	30	0.007
10243	600	0
10173	15	1
10139	384	0.011
10224	561	0.008
10127	18	0.27
10113	39	0.002
1035	79	0.32
10246	604	0.9
10236	18	0.099
10186	511	0.003
10112	40	0.01
1073	18	0.59
1038	16	0.68
10242	26	0.008
1080	193	0.006
10119	239	0
10141	18	0.93
10107	310	0.001
1022	36	0.014
10106	236	0.045
10240	229	0.005
101	5	0.017
1075	170	0.06
1097	225	0.11
1046	16	0.26
10133	33	0.98
10242	18	0.99
10155	421	0.017
1038	104	0.001
1087	29	0.007
1039	107	0.002
1086	201	0.11
10144	234	0.025
10178	483	0.24
10106	281	0
1019	47	0.05
10239	587	0.019
10245	4	0.85
10220	552	0.003
10157	427	0.73
1011	28	0.98
10186	53	0.94
10106	266	0.001
1039	118	0
10127	362	0.024
10171	470	0.004
10202	540	0.016
1090	13	0.016
1087	204	0.12
10185	76	0
1036	16	0.59
10206	543	0.005
10153	18	0.14
1023	21	0.28
10119	346	0.049
1075	179	0.018
1038	86	0.036
1027	27	0.004
10106	273	0.001
10171	7	0.037
1014	18	0.96
10171	257	0.12
1030	73	0
107	24	0.25
1072	16	0.088
10106	264	0.001
10209	18	0.69
1039	125	0
10192	86	0.21
10239	351	0.039
1019	48	0.002
10119	351	0.007
10106	61	0
10112	328	0.013
10113	337	0
10107	312	0.001
10195	18	0.35
10169	465	1
10197	31	0.04
10106	258	0.002
1071	21	0.89
1075	164	0.014
10218	362	0.58
1078	184	0.003
10166	18	0.76
1039	16	0.22
1087	31	0.09
1022	18	0.59
10107	301	0.007
10163	452	0.07
1052	21	0.93
10107	313	0
10107	299	0.01
10233	575	0.014
101	4	0.047
10219	550	0
10139	383	0.017
10194	16	0.6
10146	398	0.002
104	16	0.2
10188	18	0.022
1010	27	0
10154	413	0.099
10108	200	0.001
1080	195	0
10113	330	0.013
104	17	0.078
10186	529	0
102	10	0.99
10127	363	0.01
10249	606	0.001
10227	16	0.61
1048	137	0.002
10171	471	0.003
1087	160	0.003
10107	293	0.03
10156	67	0.003
10186	202	0.003
10186	512	0.003
10111	326	0.019
10196	234	0.021
10241	15	0.78
1063	160	0.005
10106	269	0.001
10158	439	0.005
10155	287	0
1072	21	0.87
10159	77	0.012
10113	34	0.95
10158	444	0.002
10163	381	0.06
1038	92	0.012
1038	105	0
10232	16	0.74
1075	18	0.43
10215	545	0.018
10132	16	0.87
1087	210	0
10107	290	0.34
10239	580	0.13
1010	21	1
10119	347	0.04
10159	31	1
10245	77	0.008
10241	1	0.019
1080	20	0.002
1037	83	0.016
10106	286	0
1060	21	1
10186	517	0.002
1020	18	1
10140	388	1
10202	539	0.023
1074	175	0.057
10221	16	0.059
1090	221	0.037
1016	41	0.098
10153	408	0.22
10156	424	0.21
10159	446	0.055
10150	9	0.072
1039	117	0
10218	414	0.017
1055	81	0.5
10106	51	0.001
10180	498	0.013
1026	18	0.11
10148	406	0.033
1047	128	0.015
10152	18	0.67
1038	101	0.003
10150	136	0.93
10237	18	1
10129	15	0.74
10243	601	0
1028	18	0.45
1048	4	0
1058	16	0.49
10240	588	0.012
1083	16	1
10240	405	0.65
10178	488	0.023
1038	94	0.011
1088	218	0.028
10158	59	0.44
1091	162	0.84
1050	145	1
1064	162	0.001
10219	548	0.001
10239	18	0.039
10195	534	0.95
10171	285	0.4
10250	607	0.61
10111	18	1
1021	52	1
10135	16	0.69
10170	15	0.81
1078	18	0.94
10174	33	0.002
1079	187	0
10136	373	0.01
10233	29	0.055
1054	25	0.024
10231	18	0.99
10240	12	0
1039	109	0.001
1027	63	0.2
10225	567	0.08
10106	274	0.001
10128	365	0.005
10179	18	0.96
1087	12	0.004
10118	36	0.064
1069	166	0.057
10125	358	0.61
10240	77	0.004
10178	18	0.64
1038	85	0.046
1049	18	0.92
10190	22	0.85
10202	363	0.18
1045	21	0.98
1026	58	0.47
10175	481	0.021
10199	18	0.59
1024	57	0.067
10186	504	0.013
10224	559	0.012
1055	153	0.004
10153	16	0.2
1061	31	0.08
1066	165	0.41
10106	262	0.002
10225	84	0.005
10137	75	0.75
1030	74	0
10196	44	0.002
10164	103	0.13
10143	16	0.17
1039	110	0
10239	585	0.037
1030	36	0.008
10243	595	0
1039	18	0.86
1089	18	0.8
10106	259	0.002
10158	432	0.02
1036	81	0.001
1019	50	0.001
10106	256	0.003
1034	18	0.25
10107	295	0.018
10164	454	0.21
10108	1	0.75
10146	18	0.13
1058	154	0.11
10234	29	0.004
1087	207	0
10203	145	1
10197	18	0.68
10143	86	0.057
10156	426	0.091
10241	44	0.07
10100	228	0.81
1014	33	0.021
10243	36	0.005
1033	33	0.11
10137	44	0.002
10159	289	0.018
10222	553	0
10254	539	0.006
1051	18	0.17
1067	18	0.94
10108	320	0.014
10154	414	0.079
10242	33	0.005
10219	18	0.86
10119	165	0.013
10103	33	0.95
10113	339	0
10164	458	0.014
10183	1	0.11
1080	22	0.013
1023	18	1
1048	130	0.029
101	2	0.43
10137	297	0
10202	181	0.02
10211	18	0.9
10185	18	0.31
10224	554	0.087
10146	399	0
10208	16	0.94
10106	284	0
10107	303	0.004
1012	32	0.61
10233	9	0
103	13	0.005
1076	18	0.99
10197	536	0.078
1079	18	0.7
10171	474	0.002
10107	33	0.009
10137	375	0.012
10254	613	0.065
1022	16	0.38
10106	233	0.07
1081	16	0.77
1088	214	0.11
1059	34	0.016
1039	124	0
10106	44	0.032
1080	34	0.017
10158	428	0.11
10108	315	0.05
10156	36	0.01
10242	12	0.003
10171	469	0.012
1095	21	0.93
1012	31	0.97
10106	276	0
10225	569	0.017
10217	465	0.8
1087	18	0.64
10135	18	0.18
10202	360	0.079
10146	396	0.004
10158	45	0.001
10142	16	0.98
10202	67	0.082
1048	135	0.003
10137	290	0.012
10149	16	0.99
10146	21	0.83
10131	367	0.86
1014	35	0
1030	70	0
10140	18	0.88
10180	18	0.33
1011	30	0
10117	18	0.45
1022	54	0.1
1095	224	0.07
10159	18	0.9
10119	349	0.015
10165	464	0.95
10235	18	0.98
1084	16	0.63
10117	15	1
10227	214	0.17
10206	542	0.013
10253	609	0.31
1064	18	0.86
10115	341	0.008
10177	63	0.016
1038	91	0.013
10113	329	0.017
1022	31	0.55
10141	389	0.73
10240	160	0.024
10186	514	0.002
10121	66	0.05
10139	385	0.01
10158	438	0.008
10180	36	0.001
10213	18	0.033
10220	366	0.001
10240	110	0.013
10254	67	0.002
10242	325	0
1090	11	0.001
10248	21	0.82
1039	115	0
10106	181	0.41
10154	371	0.026
1051	75	0.83
10180	52	0.006
10233	521	0.004
10106	18	0.19
10106	242	0.013
10148	229	0.63
10143	390	0.003
10178	497	0
10206	20	0.17
10113	332	0.009
10186	520	0.001
10250	16	0.49
10106	260	0.002
10216	31	0.9
10175	18	0.5
10164	18	0.53
1038	96	0.007
10137	18	0.21
10243	143	0.003
103	11	1
10178	487	0.029
10186	506	0.007
1027	21	0.61
10155	49	0.64
10202	414	0.044
10243	592	0
10224	18	0.69
10184	16	0.89
1088	215	0.05
10144	18	0.72
10177	21	0.73
10219	187	0.003
1028	65	0.99
1039	112	0
10106	245	0.012
10106	235	0.05
10158	434	0.013
10225	565	0.24
1080	190	0.011
1016	30	0.89
1039	119	0
1086	28	0.07
1055	150	0.023
10113	16	0.063
10145	16	0.57
10102	18	0.004
10139	382	0.02
10106	46	0.004
10243	53	0.002
10168	223	0.18
1097	226	0.05
1086	202	0.022
10220	551	0.005
10112	110	0.03
10171	475	0.001
1086	29	0.009
10198	36	0.003
10246	16	0.5
10239	584	0.038
10114	340	0.95
10112	18	0.85
10118	53	0.72
10139	378	0.059
1073	171	0.18
10196	239	0.002
1085	199	0.29
1087	205	0.06
10147	400	0.3
10106	239	0.028
10171	477	0.001
10196	18	0.93
10127	361	0.14
10171	1	0.007
10106	280	0
1078	183	0.39
10234	4	0.09
1048	8	0.006
10159	449	0.014
1015	38	0.012
10220	337	0.041
10186	515	0.002
10104	36	0.025
1088	220	0
1068	21	0.78
10126	16	0.004
1055	152	0.006
10221	15	0.8
10106	263	0.002
1015	39	0.004
10242	251	0.002
1062	77	0.23
10233	12	0
10178	495	0
10171	467	0.091
1028	38	0.12
1030	72	0
10139	387	0.008
1087	209	0
1061	21	0.039
10137	296	0.001
10163	15	0.002
1080	16	0.99
1048	134	0.006
1038	99	0.005
1039	122	0
1041	126	0.91
10180	367	0
10225	570	0
10230	21	0.003
10153	410	0.087
10158	276	0.005
1036	80	0.63
10242	45	0.007
1010	18	0.07
10171	251	0.001
10223	15	0
1058	158	0.002
10171	282	0.002
1073	173	0.013
1024	16	0.35
10110	325	0.11
1088	103	0.009
1087	36	0.91
10107	309	0.001
10233	77	0.93
10120	354	0.6
1062	15	0.001
10108	321	0.012
10113	334	0.002
10198	405	0.019
10144	240	0.27
1093	16	0.9
10131	18	0.38
10186	524	0
10223	471	1
10106	279	0
10164	462	0
1048	142	0
10119	343	0.11
10196	33	0.77
1044	25	0.002
10106	254	0.003
1086	203	0.022
1019	46	0.065
10157	18	0.99
1099	18	1
10126	29	0.016
10176	36	0.029
1029	68	0.003
10254	611	0.81
10177	62	0.15
10186	527	0
10224	555	0.033
1054	16	0.84
10106	252	0.004
10198	230	0.9
10154	416	0.046
10178	484	0.096
10243	596	0
1039	114	0
10214	18	0.96
101	6	0.012
10233	66	0
10218	18	0.8
10106	282	0
1034	77	0.11
10106	137	0
10167	70	0.88
1088	18	0.21
10146	394	0.007
1087	16	0.18
1038	89	0.014
10194	18	0.38
106	20	0.51
10192	531	0.11
1018	44	0.033
107	23	0.29
1037	82	0.89
10106	237	0.037
1080	192	0.008
1065	18	0.99
10243	599	0
10106	241	0.019
10233	139	0
10186	508	0.004
10243	70	0.003
1091	161	0.14
10119	345	0.076
10181	501	0.001
10224	557	0.017
1041	22	0.76
10144	391	0.9
10134	11	0.25
10139	15	0.009
10122	15	1
1040	21	0.98
10130	191	0.85
10204	70	1
10254	413	0.061
10113	36	0.016
10108	5	0.028
10199	34	0.002
1090	76	0.003
10147	402	0.076
1015	18	0.73
10186	510	0.003
1035	78	0.4
10253	18	0.16
10246	18	0.83
10253	610	0.06
10224	562	0.002
10225	33	0.018
10176	27	0.8
10108	15	0.02
10181	22	0.96
10106	267	0.001
10105	231	1
1039	36	0.019
10197	21	0.12
1038	103	0.001
10199	39	0.87
1075	177	0.32
10101	145	1
10155	420	0.064
1064	36	0.004
10104	39	0
10201	177	0.004
10153	15	0.62
1015	36	0.97
1033	18	0.019
10133	18	0.023
1087	212	0
10106	270	0.001
10106	265	0.001
10223	1	0.008
10135	370	0.9
10201	165	0.78
10239	582	0.054
10144	235	0.052
10242	16	0
10186	519	0.002
10232	574	0.9
10164	57	0.13
10198	18	0.26
10121	11	0.92
10106	59	0.006
10174	18	0.14
1058	156	0.04
10128	364	0.026
10160	16	0.96
1030	18	0.08
10113	336	0
10186	522	0.001
10254	614	0.053
1026	61	0.039
10224	81	0.9
1080	18	0.39
1079	185	0.94
10154	419	0.024
10158	241	0.022
10158	441	0.004
10186	66	0
10107	307	0.001
10240	52	0.008
10242	47	0.005
10178	493	0.004
1048	33	0.9
10198	160	0.009
1087	21	0.06
10107	305	0.003
10158	270	0
10212	16	1
10164	463	0
1087	34	0.07
1066	16	0.021
10106	48	0
1048	144	0
10156	68	0.75
1061	32	0.81
10249	143	0.86
10119	15	0
10186	185	0
10239	153	0.021
10118	9	0.64
10108	317	0.039
10159	448	0.036
10219	110	0
1046	15	0.17
10106	246	0.011
10171	2	0.15
10172	479	0.74
10106	50	0.001
10158	429	0.033
10252	15	0.74
10107	296	0.016
10195	365	0.27
1052	146	0.003
10107	291	0.12
10137	33	0.17
10183	15	0.89
10119	350	0.008
1016	43	0.002
10164	456	0.067
1074	53	0.3
10243	33	0.007
10158	435	0.012
10134	13	0.67
10106	248	0.006
10178	21	0.31
1081	33	0.025
1048	132	0.019
1044	127	0.49
10105	161	0.007